70,52
70,51
70,50
70,49
70,48
70,47
70,46
70,45
70,44
70,43
70,42
70,41
70,40
70,39
70,38
70,37
70,36
70,35
0,407
19,10
66,14
19,9
66,13
19,8
66,1
19,7
66,12
19,6
65,9
19,2
65,1
19,1
65,8
19,5
0,607
0,606
20,2
0,605
20,1
0,604
20,5
0,603
0,602
14,9
0,601
14,2
0,600
0,599
21,7
0,598
21,6
0,597
21,2
0,596
21,1
0,595
21,5
0,594
0,593
15,9
0,592
15,2
0,591
17,8
0,590
17,7
0,589
17,6
0,588
0,587
17,2
0,586
17,1
0,585
17,5
0,584
18,7
0,583
0,582
18,6
0,581
18,2
0,580
18,1
0,579
18,5
0,578
0,577
13,57
0,576
0,575
13,26
0,574
13,36
0,573
13,62
0,572
13,55
0,571
0,570
13,30
0,569
0,568
13,61
0,567
13,52
0,566
13,60
0,565
0,564
13,24
0,563
13,17
0,562
13,33
0,561
13,50
0,560
0,559
13,67
0,558
13,71
0,557
13,2
0,556
16,6
0,555
16,7
0,554
0,553
16,1
0,552
16,8
0,551
16,2
0,550
16,5
0,549
0,548
0,547
0,546
0,545
0,544
0,543
0,542
8,7
0,541
8,6
0,540
8,2
0,539
8,1
0,538
8,5
0,537
0,536
0,535
0,534
5,6
0,533
5,2
0,532
5,1
0,531
5,5
0,530
0,529
6,6
0,528
6,2
0,527
6,1
0,526
6,5
0,525
0,524
0,523
0,522
0,521
0,520
0,519
0,518
0,517
0,516
0,515
0,514
0,513
0,512
0,511
0,510
0,509
0,508
0,507
0,506
0,505
0,504
0,503
0,502
0,501
0,500
0,499
2,2
0,498
2,1
0,497
2,5
0,496
0,495
0,494
0,493
0,492
0,491
0,490
0,489
0,488
0,487
0,486
0,485
0,484
10,11
10,5
10,10
10,9
10,8
10,7
13,43
10,1
13,25
10,6
13,8
13,21
13,7
28,10
14,8
13,9
14,5
28,9
0,318
13,1
14,7
28,8
15,8
13,10
14,1
28,7
15,5
13,5
14,6
28,5
15,7
