70,52
70,51
70,50
70,49
70,48
70,47
70,46
70,45
70,44
70,43
70,42
70,41
70,40
70,39
70,38
70,37
70,36
70,35
0,407
66,13
10,2
66,1
19,10
66,12
19,9
65,9
19,8
65,1
19,7
65,8
19,6
0,607
19,2
0,606
19,1
0,605
19,5
0,604
0,603
20,2
0,602
20,1
0,601
20,5
0,600
0,599
14,9
0,598
14,2
0,597
0,596
21,7
0,595
21,6
0,594
21,2
0,593
21,1
0,592
21,5
0,591
0,590
15,9
0,589
15,2
0,588
17,8
0,587
17,7
0,586
0,585
17,6
0,584
17,2
0,583
17,1
0,582
17,5
0,581
18,7
0,580
18,6
0,579
0,578
18,2
0,577
18,1
0,576
18,5
0,575
0,574
13,44
0,573
0,572
13,26
0,571
13,57
0,570
0,569
13,55
0,568
13,30
0,567
13,60
0,566
13,61
0,565
13,24
0,564
13,37
0,563
13,48
0,562
13,65
0,561
13,73
0,560
0,559
13,59
0,558
13,42
0,557
13,17
0,556
13,35
0,555
13,2
0,554
0,553
16,6
0,552
16,1
0,551
16,8
0,550
16,2
0,549
16,5
0,548
0,547
0,546
0,545
0,544
0,543
0,542
0,541
0,540
8,7
0,539
8,6
0,538
8,2
0,537
8,1
0,536
8,5
0,535
0,534
0,533
0,532
5,6
0,531
5,2
0,530
5,1
0,529
5,5
0,528
0,527
6,6
0,526
6,2
0,525
6,1
0,524
6,5
0,523
0,522
0,521
0,520
0,519
0,518
0,517
0,516
0,515
0,514
0,513
0,512
0,511
0,510
0,509
0,508
0,507
0,506
0,505
0,504
0,503
0,502
0,501
0,500
0,499
2,2
0,498
2,1
0,497
2,5
0,496
0,495
0,494
0,493
0,492
0,491
0,490
0,489
0,488
0,487
0,486
0,485
0,484
10,11
10,5
10,10
10,9
10,8
10,7
13,43
10,1
13,25
10,6
13,8
13,21
14,8
13,7
28,10
14,5
13,9
28,9
14,7
0,318
13,1
28,8
14,1
13,10
15,8
28,7
14,6
13,5
15,5
28,5
13,6
